## DECODED 
1 1 1 1 1 1 1 1 1 1 1 1 1 1 1 1 1 1 1 1
1 0 1 1 0 0 0 0 0 0 0 1 0 0 1 0 1 0 0 1
1 0 1 0 1 1 0 0 1 0 1 0 0 1 1 1 1 0 0 1
1 0 0 0 0 0 1 0 0 0 1 1 1 0 1 1 0 1 0 1
1 0 0 0 0 1 1 0 1 0 1 1 0 1 1 0 1 0 1 1
1 0 0 0 1 1 0 0 0 0 0 0 1 0 0 1 0 0 1 1
1 0 0 1 1 0 1 1 0 0 1 1 1 0 0 0 0 0 0 1
1 0 1 0 0 1 0 0 0 0 0 1 0 1 1 0 0 1 1 1
1 0 1 0 0 0 0 1 0 1 1 0 1 0 0 1 0 1 1 1
1 0 0 1 1 0 0 1 1 1 0 0 0 0 1 0 1 1 0 1
1 0 1 0 0 0 0 1 0 0 1 0 0 1 1 0 0 1 1 1
1 0 1 1 1 1 0 0 1 0 1 0 1 1 1 1 1 0 1 1
1 0 1 1 1 1 1 0 1 0 1 1 1 1 1 1 1 0 0 1
1 0 0 0 0 0 0 0 1 0 0 0 0 0 0 0 1 1 1 1
1 0 0 0 1 1 0 0 0 0 1 1 0 0 0 1 1 0 1 1
1 0 1 1 0 0 0 0 0 0 1 1 1 0 1 1 1 0 1 1
1 0 1 1 1 1 0 1 0 0 0 0 0 1 1 0 1 1 1 1
1 0 1 1 1 0 1 0 1 1 0 1 0 1 1 1 1 1 0 1
1 0 0 0 0 0 0 0 0 0 0 0 0 0 0 0 0 0 0 1
1 1 1 1 1 1 1 1 1 1 1 1 1 1 1 1 1 1 1 1

## ENCODED
1 1 1 1 1 1 1 1 1 1 1 1 1 1 1 1 1 1 1 1
1 0 1 1 0 0 0 0 0 0 0 1 0 0 1 0 1 0 0 1
1 0 1 0 1 1 0 0 1 0 1 0 0 1 1 1 1 0 0 1
1 0 0 0 0 0 1 0 0 0 1 1 1 0 1 1 0 1 0 1
1 0 0 0 0 1 1 0 1 0 1 1 0 1 1 0 1 0 1 1
1 0 0 0 1 1 0 0 0 0 0 0 1 0 0 1 0 0 1 1
1 0 0 1 1 0 1 1 0 0 1 1 1 0 0 0 0 0 0 1
1 0 1 0 0 1 0 0 0 0 0 1 0 1 1 0 0 1 1 1
1 0 1 0 0 0 0 1 0 1 1 0 1 0 0 1 0 1 1 1
1 0 0 1 1 0 0 1 1 1 0 0 0 0 1 0 1 1 0 1
1 0 1 0 0 0 0 1 0 0 1 0 0 1 1 0 0 1 1 1
1 0 1 1 1 1 0 0 1 0 1 0 1 1 1 1 1 0 1 1
1 0 1 1 1 1 1 0 1 0 1 1 1 1 1 1 1 0 0 1
1 0 0 0 0 0 0 0 1 0 0 0 0 0 0 0 1 1 1 1
1 0 0 0 1 1 0 0 0 0 1 1 0 0 0 1 1 0 1 1
1 0 1 1 0 0 0 0 0 0 1 1 1 0 1 1 1 0 1 1
1 0 1 1 1 1 0 1 0 0 0 0 0 1 1 0 1 1 1 1
1 0 1 1 1 0 1 0 1 1 0 1 0 1 1 1 1 1 0 1
1 0 0 0 0 0 0 0 0 0 0 0 0 0 0 0 0 0 0 1
1 1 1 1 1 1 1 1 1 1 1 1 1 1 1 1 1 1 1 1
